5416957433
5754035249
1489872288
5061313850
700356190
1716121942
1293918740
5305144658
818477402
5117827532
1917341247
1448358405
1515933886
5486978964
1791369229
1354594128
1875241842
840990784
5195470068
1991547426
986287400
1961904979
5987397369
6171095392
1965544961
1168676511
6231066095
1796564526
5410153778
1388832039
5534664843
517910954
2060010183
5548600278
2115915228
5638619017
1929200612
1205717709
1203016155
6111731021
6056058530
5196529106
5409299678
5232004197
5131663338
5765586405
5894303190
1906582478
1133368488
1582512805
5712912512
1260898878
5690999094
1593523861
5550141142
2065495584
1367205212
5206775524
2146385738
1811068728
5694058445
6081333629
5642239936
1566210669
5596719758
1759972533
1581670162
5352540500
5660970898
5321321863
1367984042
627714154
5808513017
5980679734
5143744318
5101723226
997795740
842326514
5724341229
5525879982
1806441564
1859052175
1762859685
5372894549
5851455158
5408378467
5153404599
1091064528
1915726894
5936560254
1834587260
5556418472
5622899993
5844463251
5477221090
1885642106
5161674312
1605852833
5705766693
6046643085
1115269159
5296954811
5310678894
5947286310
1391412025
5840309156
1724684071
5635155998
5185950446
5113985821
2097715367
5187835499
5119012216
1817566716
1070166097
5303143543
1426219585
1334671461
1527162749
5719748099
5685104778
1284377695
1758158519
5848006844
5754040496
5880095114
5947862824
2124301333
5827594966
5111001258
6063671920
6052865930
1425540240
1679011940
5285666837
5133306718
2046622116
5082075827
5397212522
1345152167
821992821
548766629
1560135304
6222550659
5827678981
5272724658
5818424966
5523203049
5241462986
1739206386
5477569604
2043237151
5508569517
5876771491
2113054311
957576828
1637412754
5330295177
5589401016
5747095773
1364828437
1849515304
649676019
1221739740
1058998584
1759012660
1122676510
1529702945
5884861606
5631696642
1428251932
5813728856
5502363084
5384295423
6018660207
1786465507
2083896211
5468467877
5178852631
5671638469
5797080525
5494607717
1685247639
5452091857
5340801163
5859014262
5059816124
5275067998
5722710928
5713445957
1436293638
1577745199
5353398557
489540211
5490149929
5073644696
5461501757
987618636
1924666696
1639599702
5135549641
1672275315
1580254770
1691696218
6062985740
1533818514
5346884729
5145401121
5152262126
1368236724
5390513174
6048771696
1346030271
1771989946
5460632793
5015465985
1911969447
5055538076
5090465799
5869626468
1933108310
1169369079
1502421049
1607884673
5220419571
5386674268
803092041
1313027345
1787302364
5166848362
1605553852
6003590936
6235917876
5120238800
6241644176
5792513513
5932340111
5997351739
2080035633
5401388262
1350601630
6295904168
417214982
5520425224
5567427007
6177826692
5436826965
5347019624
5074496206
